[descripcion]
objeto1,4.876630795709467,-16.951481599309176,-1.5687126970843792,-44.205159192884125,-20.363429837064317,-94.82198841957728,73.27630740561409
objeto2,4.853922475357232,47.910943938282145,51.62527786305972,88.03788545479131,69.10765368803675,73.14148170178854,38.71382489745284
objeto3,7.806856162350941,-28.59468168499464,-43.104595107872655,48.96843759149675,44.28538145487616,-83.54149968648419,91.40566751080928
objeto4,3.8808117134323377,-95.22399942870025,83.75653838808302,-5.14732890641514,60.98702118066305,36.37751855919922,79.18685075070638
objeto5,9.02410376842316,-92.35890570349274,3.358730168520154,13.237706299253531,-49.70867244988104,10.576723120900937,-37.37575548417418
objeto6,2.9880421415904532,-83.78789126025183,28.583930772795384,53.9390293445129,50.86156581726496,17.959535468355426,99.15324742884877
objeto7,6.538862081456499,-14.670067696275396,-17.127571288787053,-34.52664451027003,81.72540109405128,85.44397917831594,62.496572210732126
objeto8,7.138134626664564,-5.144516537855722,77.11561470202574,-2.0443588695040944,-32.301729115274625,-75.29816102581978,-32.902026970921284
objeto9,7.179987374568801,65.07230737888102,24.672801721431625,67.5093568368722,33.73124897264907,-14.334421147408506,75.74561665105213
objeto10,9.66030182667305,-59.7762641585327,-23.684189840520744,38.2438162554555,-23.26316028259518,37.65025976001266,-99.6868138171313
objeto11,7.158832209514409,9.4744893875597,-16.458623116419545,-36.194941504405186,84.279444087444,-79.95180599781938,-11.084794920383729
objeto12,2.857832336609046,-86.66203857457006,-31.82954373341751,-16.83108779208537,-42.70431125453315,30.058494691713747,18.44583917730374
objeto13,9.150776631977731,87.94426630937582,89.10894401335773,85.13451434443871,-63.06653276646499,-77.9909491226386,70.71797693854742
objeto14,8.127377127562248,-59.22954058672622,63.934514136541594,45.649707446889494,-65.23745208967074,36.04319569819344,64.48670343280699
objeto15,6.530843460549428,39.16456000526992,-73.54429222569601,58.16939653021035,-35.10086651752941,-69.41945400365341,-90.89581264479018
objeto16,9.944390285816704,30.69489086902496,81.47488342380925,97.36469983416285,94.24632402537975,8.97206886853364,-70.75306590542026
objeto17,4.109891315839541,9.825384443755098,77.07867067335005,-54.43534274164692,49.518332491075284,78.63033337810188,42.633733172457625
objeto18,4.167183447865074,21.41834572823356,-14.527995577414572,-90.10238759968938,-98.09823887397928,-16.744394925820714,-85.38542057938328
objeto19,3.4263289198138294,54.22536724936799,-67.59394022078104,74.08404313483672,-98.70150674678446,-78.8762237060215,-91.49526556196797
objeto20,1.0764389622674853,-18.430670461664803,30.43895248287498,-70.74305645466872,-57.37797326961,-63.60679061226415,-92.85088641875936
objeto21,6.961921870168653,-38.54204687785323,-33.72290852458633,63.15051685920196,-66.00932841848075,81.6591868612885,41.11563805538057
objeto22,7.9378142203819095,-30.657474763079122,13.011976789872719,84.5795046453471,-19.32321005409254,-61.66574945080616,13.423958523221486
objeto23,1.6658873924879325,-26.92738637587908,-7.907176449462753,-70.1194079439224,5.376967181962371,83.87278211915412,-63.242126515725985
objeto24,5.709877359450542,61.63228472097774,40.81903267531516,-53.77338952049004,70.33103526226958,-86.11077610063771,-87.54108122283534
objeto25,4.978196029033763,-84.23444004617922,-82.53185109503487,-75.54068184832695,-51.90711827047478,-85.06870361905598,95.43759628434495
objeto26,8.373032065456997,86.66428654418382,56.46655769186793,84.83918694415732,-78.32705120726497,-76.95525587822357,-62.338400641988365
objeto27,8.310728816871524,35.95995571273275,79.51752842337012,60.63100853329243,-27.613854544426133,-39.9537808107755,22.085507846465504
objeto28,7.410240295699762,-87.74529511397422,82.69072911989,-65.49710014119762,58.089745397372496,98.5440344179124,47.55593176071304
objeto29,5.504859575536778,82.63352524488153,71.53789499101794,-44.41138135584994,-66.03451056463099,32.504148155292825,37.066880716798124
objeto30,3.335534070978473,-65.6091795313852,4.224891249539638,-93.31696644509732,84.64699856030666,-47.70998885390061,-85.30691827438166
objeto31,3.788365545107263,53.63670194653659,-35.0144428365831,43.53744015254327,71.63846045501572,39.617689607507685,-97.19193455341862
objeto32,6.28757466376723,-10.313004266068091,-87.77557829477742,-56.37703722624605,-32.69536580604108,-26.58652265283132,-31.567462407356132
objeto33,7.335124154648905,92.24021680408393,-60.043567244446706,99.622829302457,-72.66524724065025,19.667222589228402,28.130564705640694
objeto34,8.290679712126133,-70.7406596325477,-99.91810248508388,29.016499608527482,29.102972759328395,80.1561791501839,-1.2215665262736763
objeto35,2.7966261952121467,-76.9933001334623,38.65123695574178,11.400588647090856,77.34517085144566,89.15018107349607,81.28119164074539
objeto36,6.273654932402333,-7.720754874610108,-35.39320402220423,-58.77774830006146,-50.827513968851456,39.278087412358786,42.91997950204674
objeto37,8.684447537315222,94.25785173248227,-5.95688256777936,32.78119835319012,19.71792412225267,-72.92574973500116,49.67519710739583
objeto38,8.54911227347992,-69.75266632337241,-51.26139345843504,35.40734403490225,16.83968566518766,84.51832871173883,5.606600035154457
objeto39,5.679003018907866,-14.766366175624015,56.0768220971855,82.57828928214991,73.00427079266447,94.30662364498238,99.7770982754424
objeto40,9.73211299734831,35.45491195029251,-9.382507424678721,25.42983687799456,-9.28471819826781,-87.94360073236885,-79.11734560422022
objeto41,8.862379779664254,24.517245798644097,22.189448373738813,-73.79472402721885,-29.757242877533983,-73.76180032890372,31.254600464362795
objeto42,1.7858477520722915,36.478918522225854,-39.66821627128998,-77.45145928946233,0.8140036490359392,-53.419742756655175,40.119252333470286
objeto43,3.4127979501014947,71.44326396769418,71.37722823176128,31.03557733959056,97.6441293140887,85.83511045366521,-31.176528646413118
objeto44,3.1009883129621145,-63.61504294754161,-52.921420754731095,-49.882927849255545,-97.14661340649535,83.88853653874023,18.069843077142238
objeto45,1.8158765192059194,22.055822038052426,-54.07262142559661,52.579047803032466,-68.04775104644472,-17.34403171950369,-66.21977877398774
objeto46,9.033604199632283,-40.31895383864838,65.1176304025519,81.73726722009874,-59.62321696311743,84.91064858164032,99.47306881794671
objeto47,8.551102654256411,35.35811677469249,19.11085986096643,93.22973228991486,-6.834753853502363,6.208649645870651,25.06402362913211
objeto48,7.152176872230196,35.405770437352544,-71.46871349472246,-63.934256009771204,-76.3204263232373,80.97862950495872,-52.57684653778914
objeto49,6.573849907293456,50.38207326199927,6.824711192231419,32.059891249766,-57.612867821966,60.433080722896136,-40.92967311887941
objeto50,7.369265494812811,-73.74244858221502,-28.06833018673605,-22.51695298899628,43.00710489218048,-88.31259947827729,67.01006353271671
[consultas]
consulta1,objeto39,383.7247846592905
consulta2,objeto25,320.6222264413476
consulta3,objeto23,204.39264742449336
consulta4,objeto49,413.4352657365298
consulta5,objeto24,375.432044713125
consulta6,objeto33,809.2014681803018
consulta7,objeto25,618.7448610939297
consulta8,objeto28,446.8495645345485
consulta9,objeto22,177.44435515351597
consulta10,objeto26,369.3864133900635
consulta11,objeto3,766.8542320459467
consulta12,objeto8,644.8455578195019
consulta13,objeto50,265.27149478014036
consulta14,objeto23,0.1659005509154765
consulta15,objeto30,605.8116055236916
consulta16,objeto39,29.030805647889622
consulta17,objeto46,217.40987367155063
consulta18,objeto30,276.32033984100036
consulta19,objeto18,925.4688943976472
consulta20,objeto34,322.50230382300373
consulta21,objeto1,26.937428210756842
consulta22,objeto42,484.1454504496908
consulta23,objeto17,159.9905623771528
consulta24,objeto11,275.71382197922776
consulta25,objeto38,260.6778945051478
consulta26,objeto28,950.518170769947
consulta27,objeto21,264.56965788549394
consulta28,objeto45,920.1724548327489
consulta29,objeto28,155.20615606432654
consulta30,objeto2,208.5852157078215
consulta31,objeto30,443.62377278847896
consulta32,objeto22,179.86127680002284
consulta33,objeto3,833.207953909486
consulta34,objeto14,273.90908688184203
consulta35,objeto28,713.7772444047242
consulta36,objeto10,619.4123620313743
consulta37,objeto12,225.51130282359512
consulta38,objeto38,892.8621720343191
consulta39,objeto41,812.3866788914497
consulta40,objeto44,835.6656098848894
consulta41,objeto45,639.1766402680483
consulta42,objeto14,507.0823829713902
consulta43,objeto1,959.0321740294619
consulta44,objeto41,668.0870706265296
consulta45,objeto4,829.337587788609
consulta46,objeto46,603.4451891629719
consulta47,objeto48,718.4349058499943
consulta48,objeto15,960.0154579581567
consulta49,objeto11,104.68960037713326
consulta50,objeto18,296.6052264603777
